 40912300    104.691918  107.029999  104.82  20151231  105.260002  107.010002
 25213800    106.740798  108.699997  107.18  20151230  107.32  108.580002
 30931200    108.153132  109.43  106.860001  20151229  108.739998  106.959999
 26704200    106.243496  107.690002  106.18  20151228  106.82  107.589996
 13596700    107.446965  109.00  107.949997  20151224  108.029999  109.00
 32657400    108.023837  108.849998  107.199997  20151223  108.610001  107.269997
 32789400    106.651287  107.720001  106.449997  20151222  107.230003  107.400002
 47590600    106.750746  107.370003  105.57  20151221  107.330002  107.279999
 96453300    105.457759  109.519997  105.809998  20151218  106.029999  108.910004
 44772800    108.391842  112.25  108.980003  20151217  108.980003  112.019997
 56238500    110.739099  111.989998  108.800003  20151216  111.339996  111.07
 52978100    109.893688  112.800003  110.349998  20151215  110.489998  111.940002
 64318700    111.872953  112.68  109.790001  20151214  112.480003  112.18
 46886200    112.569172  115.389999  112.849998  20151211  113.18  115.190002
 29212700    115.543033  116.940002  115.510002  20151210  116.169998  116.040001
 46361400    114.996006  117.690002  115.080002  20151209  115.620003  117.639999
 34309500    117.591921  118.599998  116.860001  20151208  118.230003  117.519997
 32084200    117.641646  119.860001  117.809998  20151207  118.279999  118.980003
 57777000    118.387598  119.25  115.110001  20151204  119.029999  115.290001
 41569500    114.578267  116.790001  114.220001  20151203  115.199997  116.550003
 33386600    115.65244  118.110001  116.080002  20151202  116.279999  117.339996
 34852400    116.706717  118.809998  116.860001  20151201  117.339996  118.75
 39180300    117.661542  119.410004  117.75  20151130  118.300003  117.989998
 13046400    117.174181  118.410004  117.599998  20151127  117.809998  118.290001
 21388300    117.392995  119.230003  117.919998  20151125  118.029999  119.209999
 42803200    118.238406  119.349998  117.120003  20151124  118.879997  117.330002
 32482500    117.114508  119.730003  117.339996  20151123  117.75  119.269997
 34287100    118.656145  119.919998  118.849998  20151120  119.300003  119.199997
 43295800    118.138948  119.75  116.760002  20151119  118.779999  117.639999
 46674700    116.656991  117.489998  115.50  20151118  117.290001  115.760002
 27616900    113.076422  115.050003  113.32  20151117  113.690002  114.919998
 38106700    113.563775  114.239998  111.00  20151116  114.18  111.379997
 45812400    111.733702  115.57  112.269997  20151113  112.339996  115.199997
 32525600    115.095465  116.82  115.650002  20151112  115.720001  116.260002
 45218000    115.483359  117.419998  115.209999  20151111  116.110001  116.370003
 59127900    116.139793  118.07  116.059998  20151110  116.769997  116.900002
 33871400    119.919288  121.809998  120.050003  20151109  120.57  120.959999
 33042300    120.406641  121.809998  120.620003  20151106  121.059998  121.110001
 39552700    120.267398  122.690002  120.18  20151105  120.919998  121.849998
 44886100    120.824373  123.82  121.620003  20151104  122.00  123.129997
 45519000    121.388881  123.489998  120.699997  20151103  122.57  120.790001
 32203300    120.012276  121.360001  119.610001  20151102  121.18  120.800003
 49365300    118.348464  121.220001  119.449997  20151030  119.50  120.989998
 51227300    119.368538  120.690002  118.269997  20151029  120.529999  118.699997
 85551400    118.120677  119.300003  116.059998  20151028  119.269997  116.93
 69884400    113.446167  116.540001  113.989998  20151027  114.550003  115.400002
 66333800    114.169128  118.129997  114.919998  20151026  115.279999  118.080002
 59366900    117.932513  119.230003  116.330002  20151023  119.080002  116.699997
 41654100    114.387009  115.50  114.099998  20151022  115.50  114.330002
 41795200    112.663779  115.580002  113.699997  20151021  113.760002  114.00
 48967800    112.673677  114.169998  110.82  20151020  113.769997  111.339996
 29759200    110.653341  111.75  110.110001  20151019  111.730003  110.800003
 38236300    109.969988  112.00  110.529999  20151016  111.040001  111.779999
 37673500    110.782086  112.099998  110.489998  20151015  111.860001  110.93
 44462400    109.147984  111.519997  109.559998  20151014  110.209999  111.290001
 33049300    110.712761  112.449997  110.68  20151013  111.790001  110.82
 30467200    110.524589  112.75  111.440002  20151012  111.599998  112.730003
 52766100    111.039583  112.279999  109.489998  20151009  112.120003  110.00
 61979600    108.444827  110.190002  108.209999  20151008  109.50  110.190002
 46765600    109.712491  111.769997  109.410004  20151007  110.779999  111.739998
 48857000    110.237383  111.739998  109.769997  20151006  111.309998  110.629997
 52064700    109.712491  111.370003  109.07  20151005  110.779999  109.879997
 58019800    109.316344  111.010002  107.550003  20151002  110.379997  108.010002
 63929100    108.524058  109.620003  107.309998  20151001  109.580002  109.07
 66473000    109.237121  111.540001  108.730003  20150930  110.300003  110.169998
 73365400    108.009065  113.510002  107.860001  20150929  109.059998  112.830002
 52109000    111.356499  114.57  112.440002  20150928  112.440002  113.849998
 56151900    113.604621  116.690002  114.019997  20150925  114.709999  116.440002
 50219500    113.891827  115.50  112.370003  20150924  115.00  113.25
 35756700    113.21838  114.720001  113.300003  20150923  114.32  113.629997
 50346200    112.307247  114.18  112.519997  20150922  113.400002  113.379997
 50222000    114.099803  115.370003  113.660004  20150921  115.209999  113.669998
 74285300    112.356761  114.300003  111.870003  20150918  113.449997  112.209999
 64112600    112.822233  116.489998  113.720001  20150917  113.919998  115.660004
 37173500    115.288244  116.540001  115.440002  20150916  116.410004  116.25
 43341200    115.159492  116.529999  114.419998  20150915  116.279999  115.93
 58363400    114.198838  116.889999  114.860001  20150914  115.309998  116.580002
 49915500    113.109439  114.209999  111.760002  20150911  114.209999  111.790001
 62892800    111.485243  113.279999  109.900002  20150910  112.57  110.269997
 85010800    109.088565  114.019997  109.769997  20150909  110.150002  113.760002
 54843600    111.227747  112.559998  110.32  20150908  112.309998  111.75
 49996300    108.21704  110.449997  108.510002  20150904  109.269997  108.970001
 53233900    109.306446  112.779999  110.040001  20150903  110.370003  112.489998
 61888800    111.257456  112.339996  109.129997  20150902  112.339996  110.230003
 76845900    106.681981  111.879997  107.360001  20150901  107.720001  110.150002
 56229300    111.673415  114.529999  112.00  20150831  112.760002  112.029999
 53164400    112.198306  113.309998  111.540001  20150828  113.290001  112.169998
 84616100    111.831869  113.239998  110.019997  20150827  112.919998  112.230003
 96774600    108.632999  109.889999  105.050003  20150826  109.690002  107.089996
 103601600    102.74033  111.110001  103.50  20150825  103.739998  111.110001
 162206300    102.126309  108.800003  92.00  20150824  103.120003  94.870003
 128275500    104.740869  111.900002  105.650002  20150821  105.760002  110.43
 68501600    111.564474  114.349998  111.629997  20150820  112.650002  114.080002
 47445700    113.901733  116.519997  114.68  20150819  115.010002  116.099998
 34560700    115.377373  117.440002  116.010002  20150818  116.50  116.43
 40884700    116.031017  117.650002  115.50  20150817  117.160004  116.040001
 42929500    114.842576  116.309998  114.010002  20150814  115.959999  114.32
 48535800    114.040384  116.400002  114.540001  20150813  115.150002  116.040001
 101217500    114.129513  115.419998  109.629997  20150812  115.239998  112.529999
 97082800    112.396376  118.18  113.330002  20150811  113.489998  117.809998
 54951600    118.566345  119.989998  116.529999  20150810  119.720001  116.529999
 38670400    114.406813  116.25  114.50  20150807  115.519997  114.580002
 52903000    114.020572  116.50  114.120003  20150806  115.129997  115.970001
 99312600    113.772984  117.440002  112.099998  20150805  115.400002  112.949997
 124138600    113.023697  117.699997  113.25  20150804  114.639999  117.419998
 69976000    116.770124  122.57  117.519997  20150803  118.440002  121.50
 42885000    119.589801  122.639999  120.910004  20150731  121.300003  122.599998
 33628300    120.644715  122.57  121.709999  20150730  122.370003  122.32
 37011700    121.255969  123.50  122.269997  20150729  122.989998  123.150002
 33618100    121.64047  123.910004  122.550003  20150728  123.379997  123.379997
 44455500    121.03907  123.610001  122.120003  20150727  122.769997  123.089996
 42162300    122.744682  125.739998  123.900002  20150724  124.50  125.32
 50999500    123.39538  127.089996  125.059998  20150723  125.160004  126.199997
 115450600    123.454532  125.50  121.989998  20150722  125.220001  121.989998
 76756400    128.906563  132.919998  130.320007  20150721  130.75  132.850006
 58900200    130.20796  132.970001  130.699997  20150720  132.070007  130.970001
 46164700    127.79249  129.619995  128.309998  20150717  129.619995  129.080002
 36222400    126.69814  128.570007  127.349998  20150716  128.509995  127.739998
 33649200    125.031972  127.150002  125.580002  20150715  126.82  125.720001
 31768100    123.839032  126.370003  125.040001  20150714  125.610001  126.040001
 41440500    123.888331  125.760002  124.32  20150713  125.660004  125.029999
 61354500    121.541881  123.849998  121.209999  20150710  123.279999  121.940002
 77821600    118.37714  124.059998  119.220001  20150709  120.07  123.849998
 60761600    120.841892  124.639999  122.540001  20150708  122.57  124.480003
 46946800    123.917906  126.150002  123.769997  20150707  125.690002  125.889999
 28060400    124.223533  126.230003  124.849998  20150706  126.00  124.940002
 27211000    124.657332  126.690002  125.769997  20150702  126.440002  126.43
 30238800    124.815072  126.940002  125.989998  20150701  126.599998  126.900002
 44370700    123.66157  126.120003  124.860001  20150630  125.43  125.57
 49161400    122.774258  126.470001  124.480003  20150629  124.529999  125.459999
 44066800    124.962959  127.989998  126.510002  20150626  126.75  127.669998
 31938100    125.702385  129.199997  127.50  20150625  127.50  128.860001
 55280900    126.303785  129.800003  127.120003  20150624  128.110001  127.209999
 30268900    125.23901  127.610001  126.879997  20150623  127.029999  127.480003
 34039300    125.810835  128.059998  127.080002  20150622  127.610001  127.489998
 54716900    124.815072  127.82  126.400002  20150619  126.599998  127.709999
 35407200    126.077025  128.309998  127.220001  20150618  127.879997  127.230003
 32918100    125.505208  127.879997  126.739998  20150617  127.300003  127.720001
 31494100    125.800973  127.849998  126.370003  20150616  127.599998  127.029999
 43988900    125.13056  127.239998  125.709999  20150615  126.919998  126.099998
 36886200    125.377036  128.330002  127.110001  20150612  127.169998  128.190002
 35390900    126.777013  130.179993  128.479996  20150611  128.589996  129.179993
 39087300    127.062933  129.339996  127.849998  20150610  128.880005  127.919998
 56075400    125.623511  128.080002  125.620003  20150609  127.419998  126.699997
 52674800    125.998158  129.210007  126.830002  20150608  127.800003  128.899994
 35626800    126.836165  129.690002  128.360001  20150605  128.649994  129.50
 38450100    127.536161  130.580002  128.910004  20150604  129.360001  129.580002
 30889400    128.285441  130.940002  129.899994  20150603  130.119995  130.660004
 33667600    128.127708  130.660004  129.320007  20150602  129.960007  129.860001
 32112800    128.699517  131.389999  130.050003  20150601  130.539993  130.279999
