0.019900059999999938 0.0076000299999999755 0.8600009999999969
0.0076000299999999755 0.002199939999999998 0.07000000000000739
0.002199939999999998 -0.005 0.04999499999999557
-0.005 -0.006299970000000031 -0.8499989999999968
-0.006299970000000031 -0.007899940000000072 0.20000500000000443
-0.007899940000000072 0.002400049999999965 -1.0700000000000074
0.002400049999999965 0.016700060000000006 1.0
0.016700060000000006 0.0016999900000000422 0.9300010000000043
0.0016999900000000422 -0.00510002 -0.7600020000000001
-0.00510002 0.0031999999999999316 -0.45000500000000443
0.0031999999999999316 0.011499939999999924 0.06000500000000386
0.011499939999999924 0.0016999800000000675 0.9399949999999961
0.0016999800000000675 0.005900039999999933 -0.6699979999999925
0.005900039999999933 0.007799989999999895 1.0900039999999933
0.007799989999999895 0.013500060000000076 0.3399959999999993
0.013500060000000076 0.019000010000000032 1.2000050000000044
0.019000010000000032 0.009900050000000106 0.5499949999999956
0.009900050000000106 0.030899959999999994 0.9800030000000106
0.030899959999999994 0.028600009999999967 1.4499969999999962
0.028600009999999967 0.015299990000000036 1.5999989999999968
0.015299990000000036 -0.000500030000000038 -0.23999799999999993
-0.000500030000000038 -0.0005999700000000985 -0.5
-0.0005999700000000985 -0.004700009999999964 0.8300019999999932
-0.004700009999999964 -0.021099999999999994 -1.2000049999999902
-0.021099999999999994 -0.0026000200000000006 -1.2299950000000024
-0.0026000200000000006 0.0002999899999998945 0.8199989999999957
0.0002999899999998945 0.004400029999999901 -0.6500010000000032
0.004400029999999901 0.0043000000000000685 0.3000030000000038
0.0043000000000000685 -0.007199939999999998 -0.23000399999999388
-0.007199939999999998 0.01680000000000007 -0.5899959999999993
0.01680000000000007 0.02010002 1.8299939999999992
0.02010002 0.0025 0.40000200000000063
0.0025 0.0325 -0.08999699999999677
0.0325 0.03419998000000007 3.110000999999997
0.03419998000000007 -0.005999979999999993 0.12999700000000303
-0.005999979999999993 -0.014100040000000006 -1.139999000000003
-0.014100040000000006 -0.026599959999999926 0.5899959999999993
-0.026599959999999926 -0.020899959999999992 -3.9699930000000023
-0.020899959999999992 0.005699990000000099 1.2099989999999963
0.005699990000000099 0.009799959999999998 -0.4300009999999901
0.009799959999999998 0.01880004999999997 0.22999599999999987
0.01880004999999997 -0.021400069999999972 1.5500029999999896
-0.021400069999999972 -0.015700000000000075 -2.4500039999999927
-0.015700000000000075 -0.018700029999999968 -0.41999900000000423
-0.018700029999999968 -0.021600040000000008 -2.0599969999999956
-0.021600040000000008 -0.0033000199999999326 -0.19000300000000436
-0.0033000199999999326 -0.01669998000000007 -0.22000099999999634
-0.01669998000000007 0.001700050000000033 -1.5199960000000061
0.001700050000000033 -0.02360000999999997 1.08000100000001
-0.02360000999999997 0.011500020000000007 -3.639999000000003
0.011500020000000007 0.008400040000000076 0.8499989999999968
0.008400040000000076 -0.0026000299999999754 0.29000000000000625
-0.0026000299999999754 -0.0019000200000000688 -0.050003000000003794
-0.0019000200000000688 -0.010599970000000099 -0.3899990000000031
-0.010599970000000099 0.0013999900000000308 -0.9300000000000068
0.0013999900000000308 -0.0032999399999999925 0.8499980000000136
-0.0032999399999999925 0.008399959999999993 -0.5499950000000098
0.008399959999999993 -0.0036999500000000295 1.0899959999999993
-0.0036999500000000295 -0.003600009999999969 -0.5599969999999956
-0.003600009999999969 0.012800060000000002 -0.34999899999999684
0.012800060000000002 0.017400050000000108 2.6799999999999926
0.017400050000000108 0.003600009999999969 0.7099990000000105
0.003600009999999969 0.004899970000000024 0.6100009999999969
0.004899970000000024 -9.994999999989318e-05 0.29999499999999557
-9.994999999989318e-05 0.0029000100000000375 0.3400040000000075
0.0029000100000000375 0.0005999800000000732 0.34999899999999684
0.0005999800000000732 -0.001100009999999969 0.25
-0.001100009999999969 -0.01510002 -0.7000050000000044
-0.01510002 0.009499969999999962 -0.5299980000000062
0.009499969999999962 0.014499969999999963 0.6900020000000069
0.014499969999999963 -0.015400010000000037 1.360000999999997
-0.015400010000000037 -0.01639999000000003 -2.7799990000000037
-0.01639999000000003 0.007700049999999976 0.07000000000000739
0.007700049999999976 0.005 0.5
0.005 -0.016200020000000138 0.7999949999999956
-0.016200020000000138 -0.015400010000000037 -2.139999000000003
-0.015400010000000037 0.010599970000000099 0.06999900000000991
0.010599970000000099 0.06839996999999996 1.260002
0.06839996999999996 0.04259995000000003 5.1299980000000005
0.04259995000000003 0.052999949999999955 1.2200009999999963
0.052999949999999955 0.008000030000000038 4.859999999999999
0.008000030000000038 -0.04120002999999997 -1.9899970000000025
-0.04120002999999997 -0.023100049999999896 -2.610000999999997
-0.023100049999999896 0.004599989999999963 -0.5800019999999932
0.004599989999999963 0.0 -0.07000000000000739
0.0 0.015900039999999935 0.20000500000000443
0.015900039999999935 0.010699989999999958 1.5599979999999931
0.010699989999999958 0.0029999499999999557 0.4799950000000024
0.0029999499999999557 -0.00620002999999997 -0.1399990000000031
-0.00620002999999997 -0.005900040000000075 -0.8199999999999932
-0.005900040000000075 -0.004499969999999962 -0.7900010000000037
-0.004499969999999962 -0.01 0.020004999999997608
-0.01 -0.005599969999999957 -1.18000099999999
-0.005599969999999957 -0.00010002999999997542 -0.01999600000000612
-0.00010002999999997542 -0.0025999500000000353 -0.2700049999999976
-0.0025999500000000353 0.001299980000000005 0.09000399999999331
0.001299980000000005 -0.0001999600000000612 -0.4600059999999928
-0.0001999600000000612 -0.0040999600000000665 0.13000499999999704
-0.0040999600000000665 0.01239998 -0.5299990000000037
0.01239998 0.017000039999999928 1.489998
0.017000039999999928 -0.003399969999999968 0.35999999999999943
-0.003399969999999968 -0.007799989999999895 -0.7399979999999999
-0.007799989999999895 -0.0023000299999999642 -0.19000199999999268
-0.0023000299999999642 0.012900009999999896 0.47999599999999987
0.012900009999999896 0.021000059999999935 0.7100059999999928
0.021000059999999935 0.019000010000000032 1.25
0.019000010000000032 0.010600050000000038 0.6899950000000104
0.010600050000000038 -0.0026000200000000006 0.7700040000000001
-0.0026000200000000006 0.000699989999999957 -1.2400050000000107
0.000699989999999957 0.01860000999999997 1.639999000000003
0.01860000999999997 0.01379997000000003 0.2200019999999938
0.01379997000000003 0.000699989999999957 1.3600000000000136
0.000699989999999957 0.06129997000000003 -1.4399950000000104
0.06129997000000003 -0.015800019999999932 7.44999700000001
-0.015800019999999932 -0.01920006000000001 -1.4300000000000068
-0.01920006000000001 -0.011699979999999926 -1.010002
-0.011699979999999926 -0.005699999999999932 -0.5699999999999932
-0.005699999999999932 0.004000010000000031 -0.16999800000000675
0.004000010000000031 0.011700060000000007 0.4400020000000069
0.011700060000000007 0.009100039999999865 0.8600009999999969
0.009100039999999865 0.013900000000000006 -0.22000100000001055
0.013900000000000006 0.01379997000000003 1.5299990000000037
0.01379997000000003 -0.002999950000000098 -0.020004999999997608
-0.002999950000000098 0.006699980000000067 0.24000599999999395
0.006699980000000067 0.004900049999999965 0.41999800000000675
0.004900049999999965 0.009800030000000105 0.26000200000000007
0.009800030000000105 0.013400040000000075 0.7900010000000037
0.013400040000000075 0.0014000000000000056 1.0999989999999968
0.0014000000000000056 -0.005 -0.7900010000000037
-0.005 0.014499969999999963 -0.09999899999999684
0.014499969999999963 0.01629997000000003 1.049995999999993
0.01629997000000003 0.015 0.47000100000001055
0.015 0.005899959999999993 1.0699989999999957
0.005899959999999993 -0.00870002999999997 -0.09999799999999937
-0.00870002999999997 -0.02540000000000006 0.0899959999999993
-0.02540000000000006 -0.0015000200000000064 -3.029998000000006
-0.0015000200000000064 0.006100009999999969 -0.3099979999999931
0.006100009999999969 -0.000899959999999993 1.3099979999999931
-0.000899959999999993 -0.015200049999999975 -1.0599979999999931
-0.015200049999999975 -0.01119995000000003 -0.620002999999997
-0.01119995000000003 -0.0026999699999998936 0.17000600000000077
-0.0026999699999998936 -0.0018000099999999008 -1.370002999999997
-0.0018000099999999008 -0.012300030000000106 0.5
-0.012300030000000106 -0.011900030000000044 -1.3700020000000137
-0.011900030000000044 0.0033000199999999326 0.16000300000000323
0.0033000199999999326 0.00630004999999997 0.02999900000000366
0.00630004999999997 -0.003099979999999931 -0.5199970000000036
-0.003099979999999931 0.010400010000000038 -0.2300029999999964
0.010400010000000038 0.008399959999999993 1.260002
0.008399959999999993 0.003200000000000074 0.1999969999999962
0.003200000000000074 -0.012999960000000072 0.19000300000000436
-0.012999960000000072 -0.011399990000000032 -1.4199990000000042
-0.011399990000000032 0.0041999899999999 -0.5800009999999958
0.0041999899999999 0.006699979999999926 0.15999599999999248
0.006699979999999926 0.01740005999999994 -0.23999799999999993
0.01740005999999994 0.024000020000000007 1.010002
0.024000020000000007 0.020299990000000035 1.4499970000000104
0.020299990000000035 0.017900010000000036 1.3499979999999994
0.017900010000000036 0.005800019999999933 1.2300039999999939
0.005800019999999933 0.00039992999999995506 0.0
0.00039992999999995506 9.994999999989318e-05 0.4799950000000024
9.994999999989318e-05 0.010999989999999968 -0.3899990000000031
0.010999989999999968 0.03879997000000003 2.1600040000000007
0.03879997000000003 -0.02200003999999993 2.389999000000003
-0.02200003999999993 -0.031400069999999974 -2.7200009999999963
-0.031400069999999974 -0.008199999999999931 -0.7600020000000001
-0.008199999999999931 0.0041999800000000675 0.15000100000000316
0.0041999800000000675 -0.005800019999999933 0.33000199999999325
-0.005800019999999933 -0.012799990000000037 -0.370002999999997
-0.012799990000000037 -0.019599989999999963 -0.629997000000003
-0.019599989999999963 -9.994999999989318e-05 -1.1999969999999962
-9.994999999989318e-05 0.012099990000000106 1.0
0.012099990000000106 -0.0034999899999999685 0.22999599999999987
-0.0034999899999999685 -0.03870002999999997 -0.019997000000003595
-0.03870002999999997 -0.011699980000000068 -3.620002999999997
-0.011699980000000068 -0.06090004000000007 1.610000999999997
-0.06090004000000007 -0.0065000200000000065 -7.910004000000001
-0.0065000200000000065 0.0006999999999999318 -1.0899959999999993
0.0006999999999999318 -0.0125 -0.010002000000000066
-0.0125 -0.006699980000000067 -1.9199980000000068
-0.006699980000000067 -0.0075 0.29000100000000373
-0.0075 -0.019799950000000024 -1.239998
-0.019799950000000024 -0.046299980000000004 -1.010002
-0.046299980000000004 -0.017700049999999978 -3.220001999999994
-0.017700049999999978 0.012999949999999956 0.48999799999999993
0.012999949999999956 0.027000050000000043 0.8199999999999932
0.027000050000000043 0.014700010000000105 1.4600070000000045
0.014700010000000105 0.0010999300000000289 0.36999500000000296
0.0010999300000000289 -0.012899929999999955 0.05999699999999564
-0.012899929999999955 -0.016900019999999925 -1.0399929999999955
-0.016900019999999925 0.014499969999999963 -0.2800060000000002
0.014499969999999963 -0.0061000000000001366 0.7200009999999963
-0.0061000000000001366 0.023400039999999935 -0.9099960000000067
0.023400039999999935 0.002699970000000036 1.639999000000003
0.002699970000000036 0.003399959999999993 -0.9400019999999927
0.003399959999999993 0.0466999899999999 1.0699989999999957
0.0466999899999999 0.01680000000000007 3.7600029999999975
0.01680000000000007 -0.0027999899999998946 -1.110000999999997
-0.0027999899999998946 -0.008100049999999897 0.5299990000000037
-0.008100049999999897 0.00879997000000003 -1.010002
0.00879997000000003 0.007900009999999895 1.2300029999999964
0.007900009999999895 -0.004299919999999986 -0.6800000000000068
-0.004299919999999986 0.004000010000000031 -0.4099959999999925
0.004000010000000031 0.011900020000000068 0.8199989999999957
0.011900020000000068 0.02010002 0.9099960000000067
0.02010002 0.026699979999999925 0.6500020000000006
0.026699979999999925 0.0027999900000000365 2.0499949999999956
0.0027999900000000365 0.008499979999999994 -0.32999399999999923
0.008499979999999994 -0.0013999999999998636 0.8299939999999992
-0.0013999999999998636 0.0034000399999999332 0.10000600000000759
0.0034000399999999332 -0.013599999999999994 0.5299989999999895
-0.013599999999999994 -0.005 -1.6099999999999994
-0.005 0.024300000000000068 0.01999600000000612
0.024300000000000068 0.00989998 1.7900010000000037
0.00989998 0.030999979999999993 0.06999999999999318
0.030999979999999993 0.03669998000000007 2.8599999999999994
0.03669998000000007 -0.005099949999999893 0.7900010000000037
-0.005099949999999893 0.008600009999999969 -0.3399959999999993
0.008600009999999969 0.02779999000000004 1.1499939999999924
0.02779999000000004 -0.003000040000000013 2.0700000000000074
-0.003000040000000013 -0.01619995999999986 -2.4199990000000042
-0.01619995999999986 0.00879997000000003 0.09000400000000752
0.00879997000000003 -0.027999949999999954 0.3099979999999931
-0.027999949999999954 -0.0040999600000000665 -2.8399959999999993
-0.0040999600000000665 0.031000059999999934 2.1699979999999925
0.031000059999999934 0.02449996999999996 1.6500010000000032
0.02449996999999996 0.001999969999999962 0.8299949999999967
0.001999969999999962 -0.022200010000000107 0.40000100000000316
-0.022200010000000107 -0.00020004000000000132 -2.129997000000003
-0.00020004000000000132 0.01860000999999997 1.629997000000003
0.01860000999999997 -0.015099950000000036 1.1600040000000007
-0.015099950000000036 -0.018400039999999934 -3.3900000000000006
-0.018400039999999934 0.015999979999999994 0.6599960000000067
0.015999979999999994 0.009299999999999926 0.8600009999999969
0.009299999999999926 -0.019899979999999998 -0.41999800000000675
-0.019899979999999998 0.01639999000000003 -1.0500029999999896
0.01639999000000003 0.035499949999999954 1.6799999999999926
0.035499949999999954 -0.019500050000000043 1.0
-0.019500050000000043 -0.06510002 -2.25
-0.06510002 -0.015299990000000036 -3.889999000000003
-0.015299990000000036 0.00810005000000004 -1.5899969999999968
0.00810005000000004 0.04360000000000014 2.8900000000000006
0.04360000000000014 0.012000050000000045 1.56999900000001
0.012000050000000045 -0.01620002999999997 1.9599999999999937
-0.01620002999999997 0.004600070000000045 -3.3100060000000013
0.004600070000000045 -0.008300019999999932 2.2100070000000045
-0.008300019999999932 -0.008000029999999896 -1.760002
-0.008000029999999896 -0.03160004000000001 -2.360000999999997
-0.03160004000000001 0.00989998 -0.23000300000001062
0.00989998 -0.00020004000000000132 1.5800020000000075
-0.00020004000000000132 -0.017200010000000106 0.41999799999999254
-0.017200010000000106 -0.04110000999999997 -0.12999700000000303
-0.04110000999999997 -0.050500030000000036 -1.8799979999999863
-0.050500030000000036 0.0009999799999999936 -5.190002000000007
0.0009999799999999936 -0.016600040000000007 3.139999000000003
-0.016600040000000007 -0.03319999999999993 -4.400001000000003
-0.03319999999999993 0.003600009999999969 -1.5699999999999932
0.003600009999999969 0.011500020000000007 1.620002999999997
0.011500020000000007 -0.02180000000000007 -0.629997000000003
-0.02180000000000007 0.007600020000000001 -1.4100040000000007
0.007600020000000001 0.012099989999999963 1.7300029999999964
0.012099989999999963 -0.0004999600000000726 -0.13000499999999704
-0.0004999600000000726 -0.015800020000000074 0.12000299999999697
-0.015800020000000074 -0.05989998 -1.630004999999997
-0.05989998 -0.02089996999999997 -3.109993000000003
-0.02089996999999997 -0.006000060000000076 0.9499970000000104
-0.006000060000000076 -0.016900020000000068 -0.8700020000000137
-0.016900020000000068 -0.027099990000000105 -0.23999799999999993
-0.027099990000000105 -0.028600009999999967 -3.010002
-0.028600009999999967 -0.014700009999999963 -0.8499989999999968
-0.014700009999999963 -0.018999940000000066 -1.5999979999999994
-0.018999940000000066 -0.0075 0.1200019999999995
-0.0075 0.02989998 -1.4600059999999928
0.02989998 0.02479996 3.6900019999999927
0.02479996 -0.021399990000000032 -1.260002
-0.021399990000000032 -0.024700009999999963 -0.7899929999999955
-0.024700009999999963 -0.0065000200000000065 -1.4100040000000007
-0.0065000200000000065 0.00010002000000000066 0.7600020000000001
0.00010002000000000066 -0.014000010000000031 -0.3000030000000038
-0.014000010000000031 0.006999970000000104 -0.9199979999999925
0.006999970000000104 -0.003900000000000006 1.879997000000003
-0.003900000000000006 -0.014499969999999963 -1.9399950000000104
-0.014499969999999963 0.016600040000000007 0.07000000000000739
0.016600040000000007 0.030199970000000034 1.5599979999999931
0.030199970000000034 0.02370002999999997 1.879997000000003
0.02370002999999997 0.02310005000000004 0.8400039999999933
0.02310005000000004 -0.010199969999999893 3.5400010000000037
-0.010199969999999893 -0.03920006000000001 -3.819999999999993
-0.03920006000000001 -0.0065000200000000065 -1.0600050000000039
-0.0065000200000000065 -0.007900010000000037 -0.1100009999999969
-0.007900010000000037 -0.04190001999999993 -0.5299990000000037
-0.04190001999999993 -0.0054000100000000375 -4.059996999999996
-0.0054000100000000375 -0.007900000000000063 -0.15000200000000063
-0.007900000000000063 -0.022099989999999962 -0.7399970000000025
-0.022099989999999962 0.012099989999999963 -1.2799990000000037
0.012099989999999963 0.017699969999999895 2.3399959999999993
0.017699969999999895 0.0019000200000000688 -0.010002000000000066
0.0019000200000000688 0.008000030000000038 -0.18999499999999614
0.008000030000000038 0.03599998999999997 2.2900010000000037
0.03599998999999997 0.03869995000000003 1.7699969999999894
0.03869995000000003 -0.03529998999999989 1.5299980000000062
-0.03529998999999989 -0.014199979999999925 -2.6799999999999926
-0.014199979999999925 0.0475 1.380004999999997
0.0475 0.015 2.369995000000003
0.015 0.02420006000000001 0.33000199999999325
0.02420006000000001 0.029699939999999998 2.6600040000000007
0.029699939999999998 -0.0004999600000000726 0.5399929999999955
-0.0004999600000000726 0.001100009999999969 -0.9799959999999999
0.001100009999999969 0.005699999999999932 0.8499989999999968
0.005699999999999932 -0.006100009999999969 -0.3600009999999969
-0.006100009999999969 -0.009400019999999927 0.47000100000001055
-0.009400019999999927 0.015999979999999994 -1.9100030000000032
0.015999979999999994 0.019300009999999902 2.7300029999999964
0.019300009999999902 -0.02239998 -0.1900020000000069
-0.02239998 0.0015000200000000064 -1.549995999999993
0.0015000200000000064 0.014300009999999901 1.110000999999997
0.014300009999999901 0.027699970000000036 0.75
0.027699970000000036 0.013099970000000098 1.869995000000003
0.013099970000000098 -0.005899960000000135 -1.0599979999999931
-0.005899960000000135 -0.025299989999999894 -1.0999980000000136
-0.025299989999999894 -0.04790000000000006 -2.6600039999999865
-0.04790000000000006 -0.04 -1.0199960000000061
-0.04 0.014599989999999962 -2.5900040000000075
0.014599989999999962 0.013700029999999969 3.190002000000007
0.013700029999999969 0.009400029999999901 -0.379997000000003
0.009400029999999901 -0.002699960000000061 0.25
-0.002699960000000061 0.03 -0.29000100000000373
0.03 -0.022100070000000045 1.4599990000000105
-0.022100070000000045 -0.023300019999999932 -3.4500050000000044
-0.023300019999999932 0.004800039999999939 -0.5899959999999993
0.004800039999999939 -0.003000029999999896 0.3199999999999932
-0.003000029999999896 0.03519996999999989 -0.6500019999999864
0.03519996999999989 0.039400019999999925 4.7900009999999895
0.039400019999999925 -0.011900020000000068 1.5200040000000001
-0.011900020000000068 -0.015999979999999994 -3.4900049999999965
-0.015999979999999994 0.033399969999999966 2.010002
0.033399969999999966 -0.032200009999999966 2.7799990000000037
-0.032200009999999966 0.0014000000000000056 -3.5199970000000036
0.0014000000000000056 0.021899939999999986 2.2599950000000035
0.021899939999999986 -0.04309998000000007 0.08000099999999577
-0.04309998000000007 0.005900039999999933 -1.879997000000003
0.005900039999999933 0.010599980000000073 -0.1399990000000031
0.010599980000000073 0.05830002000000008 -0.06000499999998965
0.05830002000000008 -0.0141999899999999 5.140006999999997
-0.0141999899999999 0.08869995000000003 -4.020004999999998
0.08869995000000003 -0.0730999700000001 16.239998
-0.0730999700000001 -0.08319999999999993 -15.55999700000001
-0.08319999999999993 -0.03449995999999999 -3.6500019999999864
-0.03449995999999999 -0.014199980000000067 -2.019996000000006
-0.014199980000000067 0.004599989999999963 -0.33000200000000746
0.004599989999999963 0.028400040000000074 0.3899990000000031
0.028400040000000074 -0.0008000200000000745 1.7200010000000105
-0.0008000200000000745 0.02620002999999997 -1.7200010000000105
0.02620002999999997 -0.02569999999999993 3.510002
-0.02569999999999993 -0.030400010000000036 -5.2799989999999895
-0.030400010000000036 0.051399990000000034 1.2799989999999895
0.051399990000000034 -0.004500039999999927 1.9499970000000104
-0.004500039999999927 0.02180000000000007 -1.389999000000003
0.02180000000000007 -0.020199960000000062 3.020004
-0.020199960000000062 -0.06860000999999998 -4.4700010000000105
-0.06860000999999998 -0.04159995999999992 -4.080001999999993
-0.04159995999999992 -0.010199969999999893 -1.0999979999999994
-0.010199969999999893 -0.007799990000000037 0.2799980000000062
-0.007799990000000037 -0.003899990000000031 -0.8300020000000075
-0.003899990000000031 0.0029000100000000375 -0.2299950000000024
0.0029000100000000375 -0.025500029999999896 0.29000100000000373
-0.025500029999999896 -0.01699996999999996 -2.230003999999994
-0.01699996999999996 0.03170006000000001 -0.879997000000003
0.03170006000000001 -0.07630005000000012 4.209998999999996
-0.07630005000000012 -0.002200009999999963 -10.860008000000008
-0.002200009999999963 0.029900049999999966 1.8800050000000113
0.029900049999999966 0.018799969999999888 1.8899989999999889
0.018799969999999888 0.02789994000000007 1.3400040000000075
0.02789994000000007 0.007799989999999895 2.0199970000000036
0.007799989999999895 0.005800019999999933 -0.3200000000000074
0.005800019999999933 0.03720001999999994 1.010002
0.03720001999999994 -0.005699989999999957 3.0899969999999968
-0.005699989999999957 -0.04410003000000003 -1.9099959999999925
-0.04410003000000003 -0.033199990000000096 -0.630004999999997
-0.033199990000000096 0.0075 -1.4099960000000067
0.0075 -0.0043000000000000685 0.9499969999999962
-0.0043000000000000685 -0.0045999999999999375 -1.489998
-0.0045999999999999375 0.010299980000000063 -0.4700019999999938
0.010299980000000063 -0.0002999899999998945 1.3300020000000075
-0.0002999899999998945 -0.03139999000000003 0.1100009999999969
-0.03139999000000003 -0.02110001000000011 -2.2099990000000105
-0.02110001000000011 0.0029000100000000375 -1.1900030000000044
0.0029000100000000375 0.006299980000000147 1.6500020000000148
0.006299980000000147 -0.004599989999999963 -0.27000400000000013
-0.004599989999999963 -0.0009999799999999936 -0.009995000000003529
-0.0009999799999999936 -0.00630004999999997 -0.22000099999999634
-0.00630004999999997 0.0015999600000000669 0.47999599999999987
0.0015999600000000669 0.002700040000000001 -0.48999799999999993
0.002700040000000001 0.015 0.6900019999999927
0.015 -0.012700039999999859 0.9300010000000043
-0.012700039999999859 -0.020099949999999894 -2.0900039999999933
-0.020099949999999894 0.006699980000000067 -0.9899910000000034
0.006699980000000067 0.021800080000000152 1.2599949999999893
0.021800080000000152 -0.014799959999999857 1.2200010000000105
-0.014799959999999857 -0.01699996999999996 -2.199996999999996
-0.01699996999999996 -0.00930008000000015 -0.6000060000000076
-0.00930008000000015 -0.013000029999999753 -0.08000200000000746
-0.013000029999999753 0.0025999399999997765 -1.080001999999979
0.0025999399999997765 -0.0031999200000001338 0.8000029999999754
-0.0031999200000001338 -0.006900029999999902 -0.41999799999999254
-0.006900029999999902 -0.015800020000000074 -0.9499969999999962
-0.015800020000000074 0.014400029999999902 -0.6300050000000113
0.014400029999999902 -0.005600129999999978 1.5200049999999976
-0.005600129999999978 -0.01980011000000019 -2.260009999999994
-0.01980011000000019 0.02469986000000006 1.0
0.02469986000000006 0.013899989999999888 1.5299990000000037
0.013899989999999888 -0.006300039999999853 0.07000700000000393
-0.006300039999999853 0.016900019999999925 -0.6900019999999927
0.016900019999999925 0.011199949999999887 2.3099969999999814
0.011199949999999887 0.013599999999999994 -0.6900019999999927
0.013599999999999994 0.027999949999999954 1.6600030000000032
0.027999949999999954 0.004100040000000007 1.260002
0.004100040000000007 -0.015199960000000061 0.5500040000000013
-0.015199960000000061 -0.0036000000000001365 -1.7900010000000037
-0.0036000000000001365 0.028500059999999935 0.7099989999999963
0.028500059999999935 -0.01299995999999993 1.9100030000000032
-0.01299995999999993 -0.03139991999999992 -1.7900009999999895
-0.03139991999999992 -0.036999969999999965 -1.5899959999999993
-0.036999969999999965 0.02599998999999997 -1.3500060000000076
0.02599998999999997 0.0030999800000000733 3.4000020000000006
0.0030999800000000733 -0.050100019999999856 -2.5400009999999895
-0.050100019999999856 -0.058200080000000015 -1.5200049999999976
-0.058200080000000015 -0.0175 -4.300003000000004
-0.0175 0.02159988999999996 2.150008999999983
0.02159988999999996 0.01979996 1.8199930000000109
0.01979996 0.026799999999999925 2.1900019999999927
0.026799999999999925 0.005199889999999811 1.3100050000000039
0.005199889999999811 0.013400040000000075 -1.1100080000000077
0.013400040000000075 0.020499949999999954 2.5300060000000144
0.020499949999999954 -0.015299990000000036 0.019996999999989384
-0.015299990000000036 -0.0024000599999999396 -0.7299959999999999
-0.0024000599999999396 -0.002200009999999963 -0.13000499999999704
-0.002200009999999963 -0.02069991999999985 -0.5899959999999993
-0.02069991999999985 0.009000010000000032 -1.3699949999999887
0.009000010000000032 0.0125 2.4199979999999925
0.0125 0.007099999999999937 0.09999899999999684
0.007099999999999937 -0.020400010000000038 0.0
-0.020400010000000038 0.015400010000000037 -1.7900010000000037
0.015400010000000037 0.02319998999999996 3.1699980000000068
0.02319998999999996 0.005 -0.5599980000000073
